0.995019144444444	0.00001	0.00495084444444444	0.00001	0.0000100222222222222
0.992426544444444	0.0000100444444444444	0.00754303333333333	0.0000103111111111111	0.0000100666666666667
0.990244888888889	0.0000101444444444444	0.00944913333333333	0.000285855555555556	0.00001
0.984737311111111	0.00001	0.0149026777777778	0.0003398	0.0000102444444444444
0.983597577777778	0.00001	0.0163723666666667	0.00001	0.0000100555555555556
0.980264988888889	0.0000100111111111111	0.0197048777777778	0.0000100111111111111	0.0000101111111111111
0.972420411111111	0.0000100888888888889	0.0272924333333333	0.000267022222222222	0.00001
0.968249933333333	0.00001	0.0317199	0.00001	0.0000101555555555556
0.956037722222222	0.00637042222222222	0.0271638	0.0104180888888889	0.00001
0.929978122222222	0.0000100333333333333	0.0699916777777778	0.0000100333333333333	0.0000101222222222222
0.911977044444444	0.0000101222222222222	0.0879925777777778	0.0000101777777777778	0.0000101
0.898794266666667	0.0348384777777778	0.0416147222222222	0.0224254777777778	0.00232711111111111
0.848883788888889	0.0724750333333333	0.0447512444444444	0.0338799555555556	0.00001
0.846793988888889	0.00001	0.153175877777778	0.0000100777777777778	0.0000100444444444444
0.840172222222222	0.0658259444444445	0.0539984666666667	0.0283339777777778	0.0116693
0.793321277777778	0.0000100444444444444	0.206648577777778	0.0000100111111111111	0.0000100666666666667
0.779951544444444	0.00001	0.220018044444444	0.0000100777777777778	0.0000103555555555556
0.763309933333333	0.0000100111111111111	0.236659788888889	0.0000100111111111111	0.0000102777777777778
0.667900488888889	0.0000100888888888889	0.332068666666667	0.0000102888888888889	0.0000104888888888889
0.975157877777778	0.00001	0.0237478888888889	0.00001	0.00107434444444444
0.968959911111111	0.00001	0.0310099444444444	0.0000101	0.0000100444444444444
0.967052077777778	0.0079671	0.0245809888888889	0.000389811111111111	0.00001
0.966615166666667	0.0115159444444444	0.0142803777777778	0.00757862222222222	0.00001
0.958801433333333	0.0184191555555556	0.0227593777777778	0.00001	0.0000101111111111111
0.955509266666667	0.00117752222222222	0.0427555111111111	0.000462177777777778	0.0000953888888888889
0.954119344444444	0.00001	0.0340520333333333	0.00900121111111111	0.00281752222222222
0.953774911111111	0.00838575555555556	0.0370134555555556	0.000815922222222222	0.00001
0.949732022222222	0.0213066	0.0252530222222222	0.00369837777777778	0.00001
0.949107	0.00728794444444444	0.0368183555555556	0.00677686666666667	0.00001
0.9360997	0.0228102222222222	0.0326098555555556	0.00756817777777778	0.000912044444444444
0.935323722222222	0.0148411444444444	0.0355346333333333	0.0142904666666667	0.00001
0.921813944444444	0.0199216888888889	0.0357506222222222	0.0225037888888889	0.00001
0.999959888888889	0.00001	0.00001	0.0000100444444444444	0.0000100666666666667
0.9999598	0.00001	0.0000101333333333333	0.0000100555555555556	0.0000100222222222222
0.999959511111111	0.00001	0.0000103111111111111	0.0000100777777777778	0.0000101
0.999959788888889	0.0000100111111111111	0.0000101333333333333	0.0000100555555555556	0.0000100111111111111
0.999959788888889	0.0000100888888888889	0.0000100444444444444	0.0000100555555555556	0.0000100222222222222
0.999959977777778	0.0000100111111111111	0.00001	0.00001	0.0000100111111111111
0.999959844444444	0.0000100111111111111	0.0000100888888888889	0.0000100444444444444	0.0000100333333333333
0.999959822222222	0.00001	0.0000100555555555556	0.0000100555555555556	0.0000100666666666667
0.999959911111111	0.00001	0.0000100333333333333	0.0000100444444444444	0.0000100111111111111
0.999959888888889	0.00001	0.0000100555555555556	0.0000100555555555556	0.00001
0.999959555555555	0.0000100444444444444	0.0000102666666666667	0.0000100111111111111	0.0000101111111111111
0.999959655555556	0.0000100888888888889	0.0000100444444444444	0.0000101	0.0000101
0.999959822222222	0.0000100444444444444	0.0000100333333333333	0.0000100777777777778	0.0000100222222222222
0.999959888888889	0.0000100222222222222	0.00001	0.0000100888888888889	0.00001
0.999959822222222	0.00001	0.0000101555555555556	0.0000100222222222222	0.00001
0.999959877777778	0.00001	0.0000100222222222222	0.0000100555555555556	0.0000100444444444444
0.999959588888889	0.0000101888888888889	0.0000101333333333333	0.0000100888888888889	0.00001
0.999959877777778	0.0000100444444444444	0.00001	0.00001	0.0000100777777777778
0.999959744444444	0.00001	0.0000101333333333333	0.0000100444444444444	0.0000100777777777778
0.999959744444444	0.0000100666666666667	0.0000100444444444444	0.0000101111111111111	0.0000100222222222222
0.999959855555556	0.00001	0.0000100555555555556	0.0000100444444444444	0.0000100444444444444
0.999959855555556	0.00001	0.0000100333333333333	0.0000100666666666667	0.0000100333333333333
0.0000100111111111111	0.999959966666667	0.00001	0.0000100111111111111	0.00001
0.00001	0.999959933333333	0.0000100111111111111	0.0000100222222222222	0.0000100333333333333
0.0000100222222222222	0.9999599	0.00001	0.0000100666666666667	0.0000100111111111111
0.0000100111111111111	0.999959866666667	0.00001	0.0000100111111111111	0.0000101111111111111
0.0000100888888888889	0.999959866666667	0.00001	0.00001	0.0000100444444444444
0.0000100111111111111	0.999959855555556	0.0000100111111111111	0.0000101222222222222	0.00001
0.0000100333333333333	0.999959822222222	0.00001	0.0000100222222222222	0.0000101222222222222
0.0000100666666666667	0.999959811111111	0.0000100333333333333	0.0000100555555555556	0.0000100333333333333
0.0000100777777777778	0.9999598	0.0000100111111111111	0.0000100666666666667	0.0000100444444444444
0.00001	0.9999598	0.00001	0.0000102	0.00001
0.00001	0.9999598	0.0000100222222222222	0.0000101444444444444	0.0000100333333333333
0.0000100222222222222	0.999959788888889	0.0000100444444444444	0.0000100888888888889	0.0000100555555555556
0.00001	0.999959788888889	0.0000100333333333333	0.0000100555555555556	0.0000101222222222222
0.0000100222222222222	0.999959788888889	0.00001	0.0000101	0.0000100888888888889
0.0000100222222222222	0.999959777777778	0.00001	0.0000101777777777778	0.0000100222222222222
0.0000100111111111111	0.999959766666667	0.00001	0.0000100333333333333	0.0000101777777777778
0.0000100111111111111	0.999959766666667	0.00001	0.0000101111111111111	0.0000101111111111111
0.0000101555555555556	0.999959755555555	0.00001	0.0000100666666666667	0.0000100222222222222
0.0000100888888888889	0.999959733333333	0.0000100333333333333	0.0000101111111111111	0.0000100333333333333
0.0000100333333333333	0.999959733333333	0.0000100111111111111	0.0000102	0.0000100222222222222
0.00001	0.999959733333333	0.00001	0.0000101	0.0000101666666666667
0.0000100222222222222	0.999959722222222	0.0000100222222222222	0.0000102111111111111	0.0000100222222222222
0.0000100666666666667	0.999959722222222	0.0000100111111111111	0.0000100444444444444	0.0000101555555555556
0.0000100333333333333	0.999959711111111	0.0000100666666666667	0.0000100666666666667	0.0000101222222222222
0.0000100222222222222	0.999959711111111	0.0000100111111111111	0.0000100666666666667	0.0000101888888888889
0.0000101	0.9999597	0.0000100222222222222	0.0000100666666666667	0.0000101111111111111
0.0000100555555555556	0.9999597	0.00001	0.0000101333333333333	0.0000101111111111111
0.0000100222222222222	0.9999597	0.0000100222222222222	0.0000100666666666667	0.0000101888888888889
0.0000100666666666667	0.9999597	0.0000100222222222222	0.0000101111111111111	0.0000101
0.0000100666666666667	0.9999597	0.0000100222222222222	0.0000100555555555556	0.0000101555555555556
0.0000100777777777778	0.999959688888889	0.00001	0.0000101111111111111	0.0000101222222222222
0.00001	0.999959688888889	0.0000100777777777778	0.0000100777777777778	0.0000101555555555556
0.00001	0.999959677777778	0.00001	0.0000102	0.0000101111111111111
0.0000100222222222222	0.999959666666667	0.0000100222222222222	0.0000102	0.0000100777777777778
0.0000100333333333333	0.999959666666667	0.0000100222222222222	0.0000101333333333333	0.0000101444444444444
0.0000100555555555556	0.999959633333333	0.00001	0.0000101	0.0000102111111111111
0.0000100444444444444	0.999959633333333	0.0000100444444444444	0.0000100888888888889	0.0000101888888888889
0.0000100777777777778	0.999959622222222	0.0000100222222222222	0.0000102666666666667	0.0000100111111111111
0.0000100777777777778	0.999959611111111	0.0000100222222222222	0.00001	0.0000102777777777778
0.00001	0.999959611111111	0.00001	0.0000100222222222222	0.0000103666666666667
0.0000100666666666667	0.999959611111111	0.00001	0.0000100444444444444	0.0000102777777777778
0.00001	0.999959611111111	0.0000100444444444444	0.0000102111111111111	0.0000101333333333333
0.0000100555555555556	0.9999596	0.0000100333333333333	0.0000101111111111111	0.0000102
0.0000100333333333333	0.9999596	0.0000100444444444444	0.0000102444444444444	0.0000100777777777778
0.0000100777777777778	0.999959555555555	0.0000100111111111111	0.0000101777777777778	0.0000101777777777778
0.0000100777777777778	0.999959555555555	0.0000100111111111111	0.0000102666666666667	0.0000100888888888889
0.0000100333333333333	0.999959544444444	0.0000100333333333333	0.0000100888888888889	0.0000103
0.0000102	0.999959522222222	0.0000100333333333333	0.0000102333333333333	0.0000100111111111111
0.0000100666666666667	0.999959488888889	0.0000100222222222222	0.0000101444444444444	0.0000102777777777778
0.0000100222222222222	0.999959488888889	0.0000100222222222222	0.0000104444444444444	0.0000100222222222222
0.0000100555555555556	0.999959233333333	0.0000101111111111111	0.0000103666666666667	0.0000102333333333333
0.00001	0.9989555	0.00001	0.00101437777777778	0.0000101222222222222
0.00001	0.998710766666667	0.0000100111111111111	0.0000102444444444444	0.00125897777777778
0.0000100222222222222	0.994833111111111	0.0000100333333333333	0.0000101	0.00513673333333333
0.0000100333333333333	0.991909322222222	0.0000100222222222222	0.00806052222222222	0.0000100888888888889
0.0000100777777777778	0.954707288888889	0.0000101111111111111	0.0326530555555556	0.0126193222222222
0.0144718111111111	0.0000100888888888889	0.985497944444444	0.0000101333333333333	0.00001
0.0161578666666667	0.0000100111111111111	0.983811888888889	0.00001	0.0000102555555555556
0.0170905333333333	0.0000100111111111111	0.982879077777778	0.0000101666666666667	0.0000102333333333333
0.0428440333333333	0.0000100444444444444	0.957125611111111	0.0000101444444444444	0.0000101666666666667
0.0433453444444444	0.00001	0.956624422222222	0.0000101444444444444	0.0000100888888888889
0.0435760888888889	0.0000100444444444444	0.956393677777778	0.0000100444444444444	0.0000101555555555556
0.00001	0.0256716444444444	0.974298211111111	0.0000100888888888889	0.0000100555555555556
0.00001	0.0318655666666667	0.968104222222222	0.0000101111111111111	0.0000101111111111111
0.000265388888888889	0.0488906777777778	0.945834944444444	0.00499888888888889	0.00001
0.0000137111111111111	0.0349057444444444	0.9277026	0.0373366555555556	0.0000412333333333333
0.0242194111111111	0.0482633666666667	0.927497122222222	0.00001	0.0000100666666666667
0.0000102222222222222	0.0904187888888889	0.909550988888889	0.00001	0.00001
0.0167676777777778	0.0631008555555556	0.908125044444444	0.00906515555555555	0.00294142222222222
0.0168705222222222	0.0803458222222222	0.902763611111111	0.00001	0.00001
0.0000101444444444444	0.0787789333333333	0.901700811111111	0.0195001888888889	0.00001
0.0000101777777777778	0.0622206222222222	0.888462733333333	0.0492963444444444	0.00001
0.00925453333333333	0.0951991666666667	0.877538433333333	0.0179978888888889	0.00001
0.0535326	0.0671789222222222	0.877360611111111	0.00001	0.00191798888888889
0.00001	0.124536455555556	0.831438055555555	0.0410235888888889	0.00299177777777778
0.00603892222222222	0.1404595	0.822248755555556	0.0312427888888889	0.00001
0.0000101333333333333	0.00001	0.9999598	0.00001	0.0000100666666666667
0.0000100333333333333	0.0000101111111111111	0.999959788888889	0.0000100222222222222	0.0000100444444444444
0.0000101	0.0000102	0.999959655555556	0.00001	0.0000100444444444444
0.0000101666666666667	0.0000100222222222222	0.999959644444444	0.0000100555555555556	0.0000101111111111111
0.0000100444444444444	0.0000101111111111111	0.999959577777778	0.0000101	0.0000101666666666667
0.0000103888888888889	0.0000100222222222222	0.999959477777778	0.0000101	0.0000100222222222222
0.0000105	0.0000100333333333333	0.999958833333333	0.0000105222222222222	0.0000101222222222222
0.0000107333333333333	0.0000101333333333333	0.999958777777778	0.0000101333333333333	0.0000101888888888889
0.0000101888888888889	0.0000103444444444444	0.999958777777778	0.0000104	0.0000102888888888889
0.0158911	0.0000100111111111111	0.984078888888889	0.00001	0.00001
0.00001	0.0170115333333333	0.982958455555556	0.0000100111111111111	0.00001
0.0000101222222222222	0.0249572111111111	0.975012577777778	0.00001	0.0000101
0.0102773222222222	0.0000100888888888889	0.963218477777778	0.0264840888888889	0.00001
0.0000101666666666667	0.0370904	0.962879366666667	0.0000100666666666667	0.00001
0.00001	0.0415468333333333	0.958423111111111	0.0000100444444444444	0.0000100111111111111
0.0446216333333333	0.0000100111111111111	0.955347944444444	0.0000101777777777778	0.0000102222222222222
0.0468939333333333	0.0000100111111111111	0.953076022222222	0.00001	0.0000100444444444444
0.0483255444444444	0.00001	0.951644388888889	0.0000100444444444444	0.0000100444444444444
0.00615492222222222	0.0558973333333333	0.9379276	0.0000101888888888889	0.00001
0.0646252444444445	0.00001	0.935344611111111	0.0000101222222222222	0.0000100222222222222
0.0652449888888889	0.0000100555555555556	0.934724877777778	0.0000100777777777778	0.00001
0.0945890444444445	0.0000100777777777778	0.905380877777778	0.00001	0.00001
0.113021977777778	0.0000100777777777778	0.886947922222222	0.0000100111111111111	0.0000100333333333333
0.0248141666666667	0.0904764444444444	0.884689333333333	0.00001	0.00001
0.113250766666667	0.0102684444444444	0.876460844444444	0.00001	0.00001
0.0860430555555556	0.0189655777777778	0.857931133333333	0.0369547444444444	0.0001054
0.0000100333333333333	0.0000100222222222222	0.0000100222222222222	0.0000101111111111111	0.999959811111111
0.0000100444444444444	0.0000100666666666667	0.0000100333333333333	0.0000100666666666667	0.9999598
0.00001	0.00001	0.0000101666666666667	0.0000100666666666667	0.999959766666667
0.0000100666666666667	0.0000100666666666667	0.0000100444444444444	0.0000100666666666667	0.999959755555555
0.0000101444444444444	0.0000100222222222222	0.0000100111111111111	0.0000100777777777778	0.999959744444444
0.0000100777777777778	0.0000100444444444444	0.0000100333333333333	0.0000100777777777778	0.999959744444444
0.0000101333333333333	0.0000100444444444444	0.0000100333333333333	0.0000100444444444444	0.999959744444444
0.0000100555555555556	0.0000100444444444444	0.00001	0.0000102	0.9999597
0.0000100444444444444	0.00001	0.0000100777777777778	0.0000101666666666667	0.9999597
0.0000100555555555556	0.0000101111111111111	0.0000100222222222222	0.0000101222222222222	0.999959688888889
0.0000100111111111111	0.0000101666666666667	0.0000100666666666667	0.0000101222222222222	0.999959633333333
0.0000100888888888889	0.0000100333333333333	0.0000101555555555556	0.0000101222222222222	0.999959611111111
0.0000101444444444444	0.0000101777777777778	0.00001	0.0000101	0.999959577777778
0.0000101222222222222	0.0000101666666666667	0.00001	0.0000101444444444444	0.999959566666667
0.0000100222222222222	0.0000101222222222222	0.00001	0.0000103	0.999959555555555
0.0000100111111111111	0.0000101444444444444	0.0000101555555555556	0.0000101555555555556	0.999959533333333
0.0000101111111111111	0.0000101777777777778	0.0000101222222222222	0.0000101	0.9999595
0.0000101666666666667	0.0000100333333333333	0.0000100111111111111	0.0000103666666666667	0.999959422222222
0.0000101444444444444	0.0000102111111111111	0.0000100333333333333	0.0000102111111111111	0.9999594
0.0000100111111111111	0.0000102111111111111	0.0000100222222222222	0.0000103777777777778	0.999959377777778
0.0000100222222222222	0.0000101222222222222	0.0000101888888888889	0.0000104555555555556	0.999959211111111
0.00001	0.0000100222222222222	0.0000100444444444444	0.00001	0.999959933333333
0.0000101	0.0000100555555555556	0.0000100777777777778	0.0000100111111111111	0.999959755555555
0.00001	0.0000101222222222222	0.00001	0.0000101222222222222	0.999959755555555
0.00001	0.0000102333333333333	0.00001	0.0000100555555555556	0.999959711111111
0.0000100888888888889	0.0000100111111111111	0.0000100222222222222	0.0000102111111111111	0.999959666666667
0.0000100555555555556	0.0000102	0.00001	0.0000100888888888889	0.999959655555556
0.0000100222222222222	0.0000102222222222222	0.0000100333333333333	0.0000100888888888889	0.999959633333333
0.0000101888888888889	0.0000101777777777778	0.00001	0.0000100111111111111	0.999959622222222
0.0000101	0.0000101888888888889	0.00001	0.0000101	0.999959611111111
0.0000100444444444444	0.0000101	0.0000100222222222222	0.0000102444444444444	0.9999596
0.00001	0.0000101777777777778	0.00001	0.0000102555555555556	0.999959566666667
0.0000101	0.0000101111111111111	0.0000100777777777778	0.0000101555555555556	0.999959555555555
0.0000102	0.0000100666666666667	0.0000101666666666667	0.0000100111111111111	0.999959555555555
0.0000101666666666667	0.0000101111111111111	0.00001	0.0000101888888888889	0.999959533333333
0.0000101444444444444	0.0000103444444444444	0.00001	0.00001	0.999959511111111
0.0000100333333333333	0.0000101666666666667	0.0000100333333333333	0.0000102777777777778	0.999959477777778
0.0000101444444444444	0.0000100333333333333	0.0000100333333333333	0.0000103555555555556	0.999959444444444
0.0000100333333333333	0.0000102333333333333	0.0000100777777777778	0.0000102222222222222	0.999959433333333
0.0000103444444444444	0.0000101111111111111	0.0000100666666666667	0.0000100666666666667	0.999959411111111
0.00001	0.0000102222222222222	0.0000100666666666667	0.0000104111111111111	0.9999593
0.0000101222222222222	0.0000103555555555556	0.0000101111111111111	0.0000101555555555556	0.999959255555556
0.0000100777777777778	0.0000102444444444444	0.0000101888888888889	0.0000102555555555556	0.999959233333333
0.00001	0.0000101111111111111	0.0000100222222222222	0.00244015555555556	0.9975297
0.00001	0.0318404111111111	0.0000100444444444444	0.0000100555555555556	0.9681295
0.0000100111111111111	0.0899208111111111	0.0000100555555555556	0.910049033333333	0.0000100777777777778
0.00001	0.0989667666666667	0.0000100222222222222	0.901002977777778	0.0000102555555555556
0.0000101555555555556	0.188078977777778	0.0000100222222222222	0.801601155555556	0.0102995888888889
0.0000101777777777778	0.209199177777778	0.0000102111111111111	0.783946633333333	0.00683383333333333
0.0000101111111111111	0.2922828	0.0000100888888888889	0.706278266666667	0.0014188
0.0000100111111111111	0.336246844444444	0.00001	0.663723066666667	0.0000100777777777778
0.00001	0.0000101	0.00001	0.9999599	0.00001
0.0000100666666666667	0.0000100777777777778	0.0000101222222222222	0.999959733333333	0.00001
0.00001	0.0000101888888888889	0.0000100888888888889	0.999959722222222	0.00001
0.00001	0.0000100333333333333	0.00001	0.999959666666667	0.0000103111111111111
0.00001	0.0000102	0.00001	0.999959577777778	0.0000102222222222222
0.0000100222222222222	0.0000101222222222222	0.00001	0.999959444444444	0.0000104111111111111
0.0000102	0.0000398888888888889	0.00001	0.999929711111111	0.0000102222222222222
0.0000100222222222222	0.00778761111111111	0.00001	0.992182222222222	0.0000101555555555556
0.00001	0.0104707	0.0000100888888888889	0.989499044444444	0.0000101555555555556
0.0000100444444444444	0.0129364444444444	0.0000100111111111111	0.987033322222222	0.0000101666666666667
0.0000101555555555556	0.00120116666666667	0.0000100333333333333	0.986925977777778	0.0118527111111111
0.0000100444444444444	0.0146244777777778	0.00001	0.985345022222222	0.0000104333333333333
0.00001	0.0166483111111111	0.0000100111111111111	0.983321488888889	0.0000101888888888889
0.0000100444444444444	0.0000104	0.0000100111111111111	0.982039911111111	0.0179296222222222
0.0000100222222222222	0.0205081	0.00001	0.979461633333333	0.0000102222222222222
0.0000100111111111111	0.0236471111111111	0.00001	0.976322655555556	0.0000102555555555556
0.00001	0.0238756555555556	0.0000101111111111111	0.976094211111111	0.0000100333333333333
0.0000100333333333333	0.0241414888888889	0.00001	0.975828411111111	0.0000100333333333333
0.0000100555555555556	0.02587	0.0000100111111111111	0.974099611111111	0.0000103555555555556
0.0000100777777777778	0.0108621555555556	0.0000101111111111111	0.973098255555556	0.0160193888888889
0.0000100555555555556	0.0277284111111111	0.0000100222222222222	0.972241366666667	0.0000101555555555556
0.0000100222222222222	0.0000103555555555556	0.0000100222222222222	0.971875633333333	0.0280939333333333
0.00001	0.0288298333333333	0.00001	0.971140122222222	0.0000100333333333333
0.0000101	0.0000100555555555556	0.0000101777777777778	0.968410555555556	0.0315591
0.0000100333333333333	0.0000101222222222222	0.00001	0.965419633333333	0.0345502
0.00001	0.0345532777777778	0.0000100888888888889	0.965416522222222	0.0000101
0.0000100111111111111	0.0356956777777778	0.00001	0.964274222222222	0.0000101111111111111
0.0000100888888888889	0.0000100555555555556	0.00001	0.961619811111111	0.0383500555555556
0.0000100111111111111	0.0405592444444444	0.00001	0.959410322222222	0.0000104
0.00001	0.0406919666666667	0.00001	0.9592779	0.0000101222222222222
0.0000100777777777778	0.0410357777777778	0.0000100333333333333	0.958933911111111	0.0000101888888888889
0.0000103222222222222	0.0241303111111111	0.0000100111111111111	0.957759588888889	0.0180897777777778
0.0000100777777777778	0.0000100444444444444	0.0000101222222222222	0.957347355555556	0.0426224
0.0000101222222222222	0.0000100777777777778	0.00001	0.955806311111111	0.0441634888888889
0.0000101	0.0457055333333333	0.0000100222222222222	0.954264288888889	0.0000100777777777778
0.0000100555555555556	0.0287449666666667	0.0000100777777777778	0.954151755555556	0.0170831888888889
0.0000101111111111111	0.00001	0.0000100222222222222	0.952221988888889	0.0477478777777778
0.0000102	0.0467323111111111	0.0000100444444444444	0.951721466666667	0.00152598888888889
0.0000101444444444444	0.0318463444444444	0.00001	0.950805277777778	0.0173281888888889
0.0000101444444444444	0.0656347111111111	0.0000100111111111111	0.934335	0.0000101444444444444
0.0000101111111111111	0.0000100777777777778	0.00001	0.932301555555556	0.0676682777777778
0.0000102222222222222	0.0382963444444444	0.00001	0.928480477777778	0.0332030444444444
0.0000101222222222222	0.0586906111111111	0.0000100777777777778	0.924335588888889	0.0169535666666667
0.0000100444444444444	0.127512988888889	0.0000100222222222222	0.872456622222222	0.0000103111111111111
0.0000100444444444444	0.171229288888889	0.0000100777777777778	0.828740588888889	0.0000100111111111111
0.0000100444444444444	0.174420211111111	0.00001	0.825549544444444	0.0000101888888888889
0.0000103	0.165590866666667	0.0000100666666666667	0.820530722222222	0.0138581
0.0000100444444444444	0.184491277777778	0.00001	0.815478477777778	0.0000102
0.00001	0.008608	0.00001	0.952879	0.038493
0.00001	0.9999582	0.00001	0.00001	0.0000118
0.00001	0.9999598	0.00001	0.00001	0.0000102
0.00001	0.99996	0.00001	0.00001	0.00001
0.00001	0.99996	0.00001	0.00001	0.00001
0.00001	0.99996	0.00001	0.00001	0.00001
0.00001	0.99996	0.00001	0.00001	0.00001
0.00001	0.99996	0.00001	0.00001	0.00001
0.0000108	0.9999592	0.00001	0.00001	0.00001
0.0112034	0.1425778	0.7261442	0.114552	0.0055226
0.019221	0.5141398	0.353736	0.082774	0.0301294
0.034719	0.425618	0.390994	0.0841892	0.064479
0.03544775	0.40774125	0.46225275	0.079737	0.014821
0.039422	0.4576565	0.34721575	0.100599	0.055107
0.04059625	0.466252	0.37427975	0.092489	0.026383
0.04380975	0.56437225	0.224614	0.114739	0.052465
0.0456308	0.2164052	0.528314	0.1610812	0.048569
0.0472696	0.314543	0.4264598	0.1497226	0.0620052
0.056984	0.405418	0.359057	0.119290666666667	0.05925
0.060369	0.4414506	0.3631092	0.1035112	0.03156
0.061766	0.191496	0.125418	0.5592722	0.0620472
0.0632755	0.222862	0.541833	0.131238	0.040792
0.06632825	0.426809	0.40971875	0.08148025	0.01566475
0.0689328	0.263606	0.4739116	0.122745	0.0708042
0.07002025	0.447622	0.0774085	0.0067895	0.39815975
0.070318	0.147265	0.5519262	0.2046332	0.025857
0.072582	0.2275576	0.040643	0.3097624	0.3494552
0.073132	0.326895	0.3713742	0.121678	0.106921
0.073899	0.227223	0.517071	0.145049	0.036758
0.0769	0.1376548	0.5372876	0.1700518	0.078106
0.076904	0.350156	0.34626	0.162291	0.064389
0.078962	0.3372005	0.214172	0.21813475	0.151531
0.0797835	0.19034225	0.63627375	0.062391	0.03120975
0.08160525	0.44628175	0.39094	0.081163	0.00001
0.082312	0.417882	0.192972	0.1882068	0.1186274
0.082406	0.3480858	0.234847	0.206024	0.128637
0.08310975	0.301681	0.519397	0.078119	0.0176935
0.0840703333333333	0.252611666666667	0.510756666666667	0.083552	0.06901
0.0847358	0.2334878	0.46885	0.159786	0.053141
0.0860126	0.5572908	0.0887162	0.1487562	0.119224
0.089909	0.359705	0.420189	0.0944092	0.035788
0.089989	0.451932	0.302519	0.0725505	0.08300925
0.090268	0.350129	0.080191	0.346449	0.132963
0.092675	0.365265	0.1753328	0.248417	0.118311
0.09282	0.2035488	0.5968058	0.066206	0.04062
0.0934936	0.2189724	0.6875142	0.00001	0.00001
0.0935468	0.2680074	0.5099992	0.073822	0.054625
0.09839	0.198154	0.5881046	0.07797	0.037381
0.098628	0.23519	0.47401	0.17746075	0.014711
0.099626	0.393788	0.363103333333333	0.0806926666666667	0.06279
0.0997748	0.1139234	0.555982	0.1526252	0.0776946
0.100054	0.3249896	0.3966228	0.1234916	0.054842
0.101542	0.268498	0.416095	0.1744502	0.039415
0.101641	0.268823	0.5615138	0.045124	0.022898
0.1016634	0.268826	0.4269822	0.133497	0.069031
0.101873	0.2127756	0.4915188	0.164169	0.029664
0.101897	0.304858	0.3814	0.104286	0.1075588
0.102124	0.5197858	0.124339	0.1783158	0.075436
0.102487	0.274481	0.2548962	0.223297	0.144838
0.102933	0.1939036	0.538302	0.098819	0.066042
0.10379075	0.255609	0.51977075	0.046782	0.074048
0.105974	0.5242116	0.060979	0.1794274	0.129408
0.10617425	0.545325	0.19576375	0.097891	0.05484625
0.107257	0.37710375	0.221444	0.201314	0.092881
0.108062	0.175924	0.3892845	0.231496	0.095234
0.108685	0.4324248	0.164921	0.183215	0.110754
0.109272	0.386986	0.172907	0.20977825	0.121056
0.109383	0.380556	0.12988275	0.207903	0.172275
0.10949	0.1773964	0.388049	0.213835	0.11123
0.109529	0.3341818	0.251198	0.1944998	0.110592
0.11099375	0.501131	0.26075925	0.096362	0.03075375
0.1114754	0.4215058	0.139049	0.235272	0.0926982
0.11175	0.1050604	0.606186	0.1007824	0.076221
0.111823	0.3559158	0.204387	0.188304	0.1395698
0.11223	0.114079	0.5880266	0.1291432	0.056521
0.1129822	0.144486	0.5139938	0.189614	0.038924
0.113084	0.1449508	0.5707232	0.1227172	0.048525
0.1133288	0.244794	0.4876646	0.1049122	0.0493
0.114449	0.220671	0.4672032	0.137738	0.0599382
0.115154	0.4964305	0.316677	0.028124	0.043614
0.1158268	0.3193108	0.429748	0.091298	0.0438164
0.1165412	0.240752	0.4257068	0.141917	0.075083
0.1185978	0.252517	0.444454	0.12769	0.0567412
0.119489	0.4236144	0.3439016	0.0829784	0.030016
0.1195806	0.5813652	0.1066326	0.0955474	0.096874
0.1210425	0.175458	0.42466375	0.18296175	0.095874
0.121115	0.412795	0.204567	0.1321272	0.129396
0.12187225	0.1508735	0.4874195	0.17755375	0.06228175
0.1218836	0.2688698	0.3961212	0.1251652	0.08796
0.122011	0.064192	0.769626	0.0186933333333333	0.025477
0.1231524	0.4403896	0.223686	0.1212332	0.0915392
0.123252	0.3693935	0.1754435	0.23349925	0.098412
0.1235694	0.2858838	0.4795836	0.052934	0.0580292
0.127439	0.346823	0.425848	0.062199	0.037691
0.128423	0.2864868	0.4429692	0.121285	0.020836
0.1285546	0.3607188	0.21692	0.1876296	0.106177
0.129461	0.2622682	0.30588	0.228804	0.073587
0.129725	0.5008924	0.174019	0.1408312	0.054532
0.12975875	0.302845	0.40121375	0.15050275	0.01568
0.130216	0.1647254	0.081881	0.3143498	0.308828
0.13049775	0.35874275	0.300487	0.136637	0.073636
0.1305505	0.4096315	0.3683125	0.073654	0.017851
0.131286	0.392136	0.029064	0.2408732	0.206641
0.131363	0.4016858	0.141247	0.2230392	0.102665
0.13197425	0.19897075	0.4211025	0.17834875	0.069604
0.1320702	0.25161	0.3246788	0.1933616	0.098279
0.132474	0.4457595	0.048262	0.202528	0.17097675
0.132486	0.203796	0.389665	0.187613	0.08644
0.1334332	0.238499	0.4433386	0.105617	0.0791122
0.1336072	0.445943	0.147068	0.17159	0.101792
0.1344605	0.35786375	0.070347	0.271918	0.165411
0.1345162	0.245581	0.495767	0.090727	0.033409
0.13526475	0.292387	0.404184	0.1031735	0.064991
0.13532675	0.408906	0.2739	0.12133975	0.060527
0.1354208	0.284717	0.3742298	0.149177	0.056456
0.13543425	0.4718325	0.108726	0.16537875	0.118628
0.136848	0.485915	0.13745	0.142831	0.096956
0.13841875	0.16888975	0.56652625	0.059609	0.066557
0.138689	0.204474	0.239829	0.254454	0.162554
0.1396252	0.1202114	0.6940686	0.0460848	0.00001
0.139957	0.2570148	0.08903	0.3751752	0.138823
0.140642	0.2584188	0.223151	0.2326652	0.145123
0.1408258	0.221171	0.409514	0.1723222	0.056167
0.1417316	0.3084898	0.1464472	0.3303544	0.072977
0.1426888	0.2029066	0.4424132	0.1605162	0.051475
0.142869	0.285678	0.35016775	0.141369	0.0799165
0.14339625	0.32538975	0.17979275	0.250744	0.10067725
0.143854	0.296316	0.3548446	0.150734	0.0542512
0.144425	0.065541	0.6003304	0.1312024	0.058501
0.144909	0.172668	0.4770322	0.117505	0.0878856
0.145299	0.34066	0.25138	0.203976	0.058684
0.146105333333333	0.432535	0.074973	0.191827	0.154559333333333
0.1468316	0.396652	0.3506664	0.068188	0.037662
0.1471134	0.2442018	0.3389586	0.1956312	0.074095
0.1474926	0.1086718	0.4746616	0.1885142	0.08066
0.148217	0.2662934	0.377482	0.1110024	0.0970042
0.148448	0.357392	0.073645	0.293178333333333	0.127336
0.1491812	0.329269	0.3222248	0.12742	0.0719046
0.149632	0.2171586	0.4328612	0.126484	0.0738648
0.150379666666667	0.344326	0.346719	0.09772	0.060856
0.152373	0.293036	0.368154	0.0706984	0.115739
0.1530516	0.191751	0.432524	0.1629782	0.059695
0.153724	0.37225975	0.194584	0.1674405	0.111992
0.15396775	0.39472	0.305444	0.079197	0.066671
0.1553765	0.328955	0.176691	0.20821325	0.130764
0.1558066	0.2898512	0.201694	0.239294	0.1133546
0.1569532	0.1968118	0.056762	0.4113662	0.1781064
0.157301	0.048439	0.694263	0.064673	0.035323
0.15731575	0.20342875	0.2457135	0.31739875	0.07614325
0.160605	0.246544333333333	0.279976	0.211861	0.101014
0.160734666666667	0.186815666666667	0.330140666666667	0.212001666666667	0.110308
0.16145	0.2282862	0.3838446	0.122503	0.1039166
0.161661	0.218441	0.272966	0.1988712	0.1480608
0.1617386	0.2984372	0.2253122	0.2477434	0.0667688
0.162105	0.2458995	0.219412	0.288787	0.083797
0.162975	0.4159568	0.202342	0.1663642	0.0523622
0.16337175	0.338038	0.305242	0.114662	0.0786865
0.163493	0.34379	0.24652	0.156568	0.089629
0.1639462	0.124333	0.4597448	0.1668218	0.0851542
0.1640782	0.222623	0.4016838	0.116638	0.094977
0.164704	0.3037118	0.263207	0.179624	0.088754
0.16559975	0.4117505	0.1827585	0.147012	0.092879
0.1657085	0.218463	0.409636	0.148115	0.058077
0.1659574	0.3801028	0.105211	0.2367344	0.111994
0.1662186	0.1005692	0.6276014	0.063986	0.041625
0.167208	0.214141	0.3849128	0.1641796	0.069559
0.168193	0.1259295	0.335094	0.21801475	0.152769
0.168729	0.366408	0.346363	0.051347	0.067153
0.168834	0.300334	0.300682	0.142559	0.087591
0.168876	0.328567	0.37837675	0.066479	0.057701
0.169069	0.2560182	0.288472	0.213371	0.07307
0.169215	0.2599176	0.2921816	0.153877	0.124809
0.1698542	0.1761708	0.4818672	0.1313362	0.0407716
0.170132	0.371026	0.167014	0.188325	0.103503
0.170355	0.285722	0.17115	0.2198784	0.152894
0.170522	0.201772	0.434914333333333	0.136060666666667	0.0567306666666667
0.17188975	0.18017	0.510885	0.097784	0.03927175
0.171926	0.246946	0.375115	0.129947	0.076066
0.17202125	0.196039	0.44859875	0.10417975	0.079162
0.1721375	0.190088	0.446372	0.112639	0.078764
0.172178	0.190255	0.37698	0.166248	0.094339
0.172578	0.48359	0.11874875	0.136683	0.08840025
0.1731162	0.3680588	0.165498	0.1810678	0.1122594
0.173149	0.0928612	0.5836116	0.1148552	0.035523
0.173240333333333	0.239617	0.312045333333333	0.214318	0.060779
0.17355475	0.15078	0.498572	0.124209	0.05288475
0.1739072	0.1803518	0.3670074	0.199483	0.079251
0.175052	0.29637575	0.37464125	0.113732	0.040199
0.175857	0.497587	0.206761	0.078511	0.041284
0.17611075	0.362691	0.24104	0.137832	0.082327
0.1766454	0.297048	0.188212	0.273532	0.0645622
0.1770784	0.23563	0.4090582	0.081769	0.096464
0.177173	0.353935	0.18228	0.1931512	0.09346
0.1773528	0.087204	0.4137578	0.228225	0.09346
0.177402	0.098823	0.555628	0.119274666666667	0.048873
0.17751625	0.0621765	0.44981525	0.213881	0.096611
0.1775725	0.29568925	0.338799	0.152919	0.0350205
0.178216	0.177205	0.37125125	0.179543	0.09378425
0.178942	0.190748	0.467511666666667	0.092751	0.0700473333333333
0.17916	0.22652	0.401714	0.109352	0.0832543333333333
0.17936875	0.4309985	0.294651	0.059407	0.035575
0.179673666666667	0.167763	0.476935	0.103765	0.0718633333333333
0.179702	0.2359898	0.422225	0.125046	0.037038
0.179917333333333	0.34296	0.23007	0.158641	0.088411
0.1800272	0.2576764	0.199085	0.1685334	0.194678
0.180154666666667	0.137349	0.424818	0.168871	0.088808
0.180649	0.2018248	0.3163768	0.225991	0.075159
0.1809454	0.158411	0.226174	0.2752272	0.1592424
0.182325	0.3082628	0.2173516	0.1943642	0.0976968
0.1824388	0.282533	0.2751544	0.1627482	0.097125
0.18325725	0.1996235	0.3107825	0.230164	0.076173
0.18362425	0.1748485	0.391941	0.126416	0.12317
0.18426475	0.089376	0.265123	0.27891775	0.182319
0.1845495	0.194643	0.54616325	0.044598	0.030046
0.184552	0.109399	0.44780975	0.147293	0.110946
0.1848774	0.16531	0.206455	0.291542	0.151816
0.185651	0.174859	0.160348	0.2478876	0.231254
0.1860746	0.1195744	0.4459816	0.1725118	0.075858
0.186194	0.200387	0.3279	0.165222	0.120297
0.187369	0.145617	0.456717	0.151246	0.059052
0.1874692	0.213058	0.32443	0.140392	0.134651
0.188232666666667	0.138967	0.192690666666667	0.278316	0.201793333333333
0.190519	0.3081085	0.42774725	0.06020625	0.01341875
0.190554	0.353353	0.069184	0.23035725	0.15655175
0.19178825	0.213732	0.41423725	0.123824	0.056419
0.19187175	0.270843	0.1876065	0.19282575	0.15685275
0.1922745	0.1915475	0.354723	0.1420085	0.11944675
0.192574666666667	0.16394	0.543379	0.049717	0.050389
0.1930514	0.266088	0.272566	0.2133318	0.054963
0.193098	0.306889	0.181056	0.191968	0.126988666666667
0.193124	0.240357	0.2554786	0.2388738	0.0721662
0.193225	0.1639105	0.338888	0.2129215	0.091055
0.19391675	0.27145425	0.153378	0.23361875	0.147633
0.194059	0.246955	0.39776	0.1006998	0.060526
0.194272	0.388638	0.096282	0.192946	0.127863
0.195086	0.25483375	0.30383925	0.16591525	0.0803255
0.1956726	0.162699	0.3859418	0.183708	0.0719782
0.196008	0.2826868	0.266018	0.155556	0.099731
0.1960478	0.2148088	0.385309	0.154635	0.0492
0.19658	0.209686	0.446986	0.1244612	0.022287
0.197461	0.339561	0.1861884	0.1647212	0.112068
0.198038	0.225433666666667	0.184335	0.206868	0.185326
0.19822	0.1466284	0.331932	0.2197602	0.103459
0.198245	0.189367	0.457088	0.121702333333333	0.0335973333333333
0.198357	0.1905728	0.385689	0.1624192	0.062962
0.198525	0.1002418	0.2907112	0.251354	0.159168
0.19871	0.323926	0.2514782	0.1382	0.087685
0.1990202	0.2882982	0.1642816	0.3238844	0.0245158
0.1995398	0.123471	0.4682478	0.111122	0.0976194
0.199606	0.1655104	0.2457574	0.272444	0.116682
0.200002666666667	0.462875	0.140139	0.161311	0.035672
0.2003348	0.5090418	0.075585	0.1300712	0.084968
0.2006336	0.2571942	0.4405996	0.0517292	0.0498432
0.20091	0.11894625	0.384327	0.20474625	0.09107025
0.20155075	0.18261825	0.321366	0.213932	0.080533
0.201559	0.132513	0.2096722	0.2533694	0.2028858
0.201722	0.297477333333333	0.274005	0.170387	0.056408
0.20185075	0.12800175	0.59504875	0.040364	0.034735
0.202728	0.119808	0.503019	0.100727	0.073718
0.203024	0.0743612	0.2813016	0.3144196	0.1268932
0.203656	0.2747698	0.0948396	0.2454962	0.181238
0.204062	0.118573	0.3648592	0.188928	0.123578
0.2040865	0.4580535	0.185559	0.11464175	0.037659
0.204998	0.2030378	0.2613852	0.2157112	0.114867
0.205618666666667	0.175048	0.505409	0.048344	0.06558
0.20579	0.2251668	0.3422086	0.1585764	0.068258
0.206516	0.3405378	0.1427394	0.141762	0.1684448
0.206968	0.2276362	0.216395	0.22669	0.1223108
0.207266	0.2335046	0.113223	0.2299002	0.216106
0.207728	0.259982	0.23478775	0.197888	0.099614
0.207734	0.1866084	0.4502838	0.102555	0.052819
0.208	0.286077	0.257228	0.164328	0.084367
0.208091	0.385092	0.293195	0.064618	0.049005
0.2081856	0.164159	0.419381	0.152245	0.05603
0.20836675	0.354655	0.133045	0.20113875	0.102795
0.208646	0.216793	0.462293	0.076715	0.035553
0.208711	0.3390018	0.055474	0.1903696	0.206443
0.208744666666667	0.15954	0.307331	0.227365	0.097019
0.2107048	0.1080628	0.451481	0.1601512	0.0696
0.2108402	0.1587858	0.282745	0.240271	0.107358
0.210892	0.5002078	0.159641	0.0784762	0.0507828
0.21097325	0.320004	0.214627	0.12804425	0.126351
0.2114318	0.0485448	0.507285	0.147762	0.084976
0.211905	0.2495042	0.2842282	0.1718742	0.082488
0.211916	0.369185	0.2391686	0.127315	0.052415
0.212189666666667	0.429644333333333	0.320381	0.016554	0.021231
0.212246	0.2495812	0.191107	0.1891652	0.157901
0.212434	0.233842	0.3229042	0.1583478	0.072472
0.212578	0.3208576	0.1546866	0.2293624	0.082516
0.2134492	0.033752	0.232639	0.3068936	0.213266
0.2138956	0.143838	0.3429024	0.2373698	0.0619942
0.2142324	0.189423	0.3353578	0.136639	0.1243482
0.215088	0.2295708	0.290127	0.180448	0.084766
0.21574225	0.25386275	0.42050725	0.0791755	0.030712
0.217674	0.133578	0.168272	0.327271	0.153205
0.217796	0.274187	0.442865	0.030935	0.0342168
0.2180088	0.23607	0.266714	0.161437	0.117771
0.218672	0.203937	0.38688975	0.122542	0.06796
0.2188718	0.15946	0.380204	0.2071052	0.034359
0.2188994	0.1947118	0.3419208	0.1494466	0.095021
0.219472	0.2194238	0.3236598	0.120918	0.116527
0.2195695	0.19973375	0.32505475	0.15325075	0.10239025
0.219777	0.277784	0.368342	0.106138	0.027959
0.22100325	0.38271425	0.169668	0.1281655	0.09844925
0.221185	0.218077	0.075627	0.248859	0.236251
0.2221145	0.332688	0.17215125	0.138152	0.134894
0.22413225	0.297816	0.12436775	0.268182	0.08550225
0.225094666666667	0.255947	0.274693666666667	0.115619666666667	0.128645333333333
0.225513	0.1824528	0.3167698	0.1474574	0.127807
0.227104	0.2035178	0.2719802	0.1760914	0.121307
0.22785	0.236746	0.228821	0.20354	0.103043
0.228188	0.2100458	0.439557	0.10346	0.01875
0.2285695	0.30841825	0.34021	0.106766	0.016036
0.229133	0.4849796	0.180529	0.08147	0.023888
0.22952775	0.255353	0.264037	0.14231775	0.108764
0.23003625	0.206714	0.43612975	0.070477	0.056643
0.23006	0.285937	0.165147	0.2125474	0.106309
0.2307776	0.08383	0.6168468	0.0534956	0.0150496
0.231117	0.324711	0.2040804	0.1398082	0.100283
0.23173	0.1346822	0.372647	0.1777802	0.083161
0.232322	0.115549	0.1992138	0.3529684	0.099947
0.232365	0.207454	0.191667	0.2322272	0.1362864
0.2324808	0.114665	0.364448	0.186755	0.1016512
0.232581	0.372848	0.2381612	0.1130864	0.043323
0.232665	0.15118	0.3154184	0.2032172	0.097519
0.2339958	0.259406	0.3775126	0.106714	0.0223716
0.2342242	0.146173	0.4587272	0.117898	0.042978
0.234600666666667	0.119212	0.439254	0.140488666666667	0.066445
0.234846	0.2059788	0.1396544	0.2749586	0.1445616
0.235182	0.18013375	0.109748	0.3891345	0.08580175
0.23577	0.283778	0.196624	0.183215	0.100613
0.236406	0.334618	0.18805	0.144372	0.0965538
0.23647925	0.194174	0.231624	0.25801275	0.07971
0.2366168	0.213028	0.2845022	0.176415	0.089438
0.236725	0.209352	0.364742	0.139308333333333	0.049873
0.237418	0.167798	0.3053954	0.157447	0.1319412
0.238062	0.173347	0.327847	0.2125994	0.0481448
0.23841125	0.28661975	0.21396875	0.1538035	0.1071965
0.23842675	0.128621	0.41171125	0.14445025	0.076791
0.238611	0.3060282	0.160944	0.190466	0.1039502
0.238774	0.13152	0.6063178	0.003959	0.01943
0.238776	0.277208	0.1559512	0.198804	0.129261
0.2391186	0.225892	0.321391	0.112398	0.1012002
0.23957025	0.178848	0.286215	0.195653	0.099714
0.2402278	0.151199	0.548154	0.037303	0.023116
0.240692	0.279991	0.12120575	0.252454	0.105657
0.2413868	0.090701	0.5132648	0.1079476	0.0467
0.242325	0.148437	0.3512192	0.140774	0.117244
0.242765	0.126724	0.200421	0.2579222	0.1721672
0.2435405	0.167803	0.29577525	0.211063	0.081818
0.243787	0.179924	0.5449014	0.022498	0.00889
0.243988333333333	0.455397333333333	0.139911	0.0793963333333333	0.0813063333333333
0.2442388	0.263382	0.368637	0.060122	0.063621
0.244535	0.21576	0.156187	0.2895296	0.093989
0.245347333333333	0.136886	0.41942	0.121273	0.077073
0.245373	0.1462642	0.353482	0.1842572	0.0706234
0.246937	0.2123194	0.304335	0.1840312	0.0523776
0.247663	0.2484324	0.125101	0.248016	0.1307878
0.2479152	0.234117	0.4375356	0.064463	0.015969
0.247973	0.247528	0.280304	0.107202	0.116993
0.248192	0.297378	0.143303	0.1795264	0.1316002
0.248337	0.12768	0.184143	0.31882975	0.121011
0.24893625	0.139482	0.363932	0.159599	0.08805
0.2493084	0.2250434	0.304181	0.167175	0.054293
0.250066	0.20937	0.291397333333333	0.155766	0.093401
0.251085	0.083251	0.46484925	0.138282	0.062533
0.251086	0.320831333333333	0.140674	0.208430666666667	0.078978
0.25110075	0.160376	0.411865	0.113107	0.063552
0.2512274	0.1432884	0.38288	0.1229124	0.0996912
0.2514724	0.075048	0.46504	0.167741	0.040698
0.25151775	0.1336035	0.355773	0.164933	0.094173
0.2516022	0.209191	0.240728	0.158183	0.140296
0.251905	0.170646	0.339209	0.15019	0.08805
0.252152	0.247336666666667	0.063375	0.314005	0.123131
0.252449	0.16246	0.3051432	0.161408	0.11854
0.252563	0.257704	0.256087	0.149519	0.084127
0.2530798	0.128798	0.482513	0.0694946	0.066115
0.2530815	0.14175175	0.4432485	0.11301825	0.0489
0.25373825	0.127841	0.33373675	0.181941	0.102743
0.254487	0.1926036	0.32347	0.1218184	0.107621
0.254995	0.212834	0.2301412	0.1978656	0.104164
0.255039	0.2606214	0.116762	0.2535952	0.1139822
0.255163	0.2751164	0.246863	0.1362956	0.086562
0.255168	0.30954	0.227954	0.130232	0.077107
0.2554728	0.3491948	0.2328688	0.0969452	0.0655182
0.255486	0.316438	0.3007894	0.072398	0.054888
0.255662	0.1278908	0.364876	0.1924886	0.059082
0.25611325	0.268756	0.30075975	0.11521875	0.059152
0.2566488	0.3355408	0.1915442	0.1171504	0.099116
0.258918	0.2683402	0.153411	0.235625	0.083706
0.259048666666667	0.170934666666667	0.363797	0.12039	0.08583
0.2593242	0.132437	0.3146734	0.188822	0.104744
0.2599634	0.107238	0.358393	0.1884782	0.0859278
0.2605535	0.3489575	0.125745	0.13277475	0.131969
0.260599	0.138687666666667	0.123029	0.27628	0.201404
0.26066325	0.202426	0.35735875	0.13358775	0.045964
0.26072675	0.1134395	0.3527805	0.22170225	0.05135075
0.2619855	0.198098	0.47394275	0.050519	0.015454
0.262867666666667	0.074527	0.34963	0.19248	0.120495333333333
0.263153	0.215702	0.2628192	0.1554492	0.102876
0.263373	0.21002025	0.42128275	0.064333	0.040991
0.263817	0.1992832	0.3364962	0.157289	0.043114
0.26394	0.1669608	0.149492	0.3139346	0.105672
0.26412075	0.216492	0.199879	0.20711375	0.112394
0.2641548	0.3316756	0.176438	0.144018	0.083714
0.264224	0.228	0.498078	0.006415	0.003283
0.2654092	0.076938	0.466442	0.1422212	0.048989
0.26541825	0.161427	0.403876	0.11541225	0.053866
0.266373	0.143423	0.4705184	0.096508	0.023177
0.2672712	0.2527898	0.2733158	0.1246238	0.082
0.267448	0.209068	0.269777	0.150308	0.103399
0.267569	0.162961	0.280842	0.2018996	0.086729
0.2677635	0.3148175	0.244787	0.122277	0.050355
0.26787975	0.116383	0.3535145	0.154599	0.107624
0.268366	0.134348	0.310301	0.196677	0.090308
0.2693168	0.1270326	0.3268402	0.219053	0.0577576
0.2707725	0.17179525	0.298889	0.18024875	0.0782945
0.2709796	0.1908016	0.342041	0.1287032	0.067475
0.27101625	0.2968655	0.32040275	0.06135275	0.050363
0.271348	0.118697	0.473842	0.081512	0.054601
0.271605	0.17478	0.2716618	0.185642	0.096311
0.271668	0.244559	0.265019	0.13173325	0.08702
0.271848	0.225191	0.2348138	0.1687482	0.099399
0.27197075	0.093606	0.3960525	0.133776	0.104594
0.272168	0.213477	0.309915	0.13646	0.06798
0.272279	0.212447	0.346434	0.11945	0.049391
0.272418	0.24048	0.225079	0.239625	0.022398
0.27248725	0.169307	0.167301	0.23146875	0.159435
0.27339475	0.10676075	0.24383375	0.23816475	0.1378465
0.273464	0.151297666666667	0.245259666666667	0.171686	0.158292333333333
0.2736662	0.2194972	0.3873604	0.085759	0.033717
0.2738322	0.1234038	0.4266006	0.125981	0.050182
0.2747746	0.037413	0.5388344	0.074061	0.074917
0.274988	0.151634	0.328318	0.152485	0.092575
0.27502275	0.21136025	0.33977025	0.098816	0.0750315
0.275258	0.21508	0.2942772	0.162194	0.05319
0.275784	0.0395078	0.3758134	0.206076	0.102819
0.276736	0.226288	0.294979	0.1142932	0.087704
0.2769526	0.162329	0.2765314	0.1627168	0.1214702
0.277249	0.1713364	0.291326	0.141037	0.119051
0.278307	0.08452425	0.3852035	0.122578	0.129387
0.2786852	0.145534	0.432968	0.102611	0.040202
0.278812	0.2930022	0.173456	0.1777424	0.076987
0.279129	0.17973925	0.442161	0.036347	0.06262375
0.280010666666667	0.135201	0.225577	0.227619	0.131592666666667
0.280051	0.313011	0.309604	0.027128	0.070206
0.2807172	0.2764052	0.17924	0.182457	0.08118
0.28084	0.142534	0.15479	0.2585124	0.1633242
0.2808942	0.2551386	0.236317	0.102547	0.1251032
0.28111	0.187557	0.195179	0.156378	0.1797755
0.282154	0.257157	0.112273	0.1931138	0.155302
0.2822278	0.1561012	0.3694852	0.1117012	0.0804848
0.283052	0.160516	0.2020148	0.261158	0.0932592
0.283289	0.2266044	0.267622	0.1511632	0.0713212
0.283398	0.237689	0.224022	0.134034	0.12085675
0.2837595	0.11053525	0.33657175	0.18418	0.084954
0.2840782	0.2555846	0.385844	0.0220988	0.052395
0.2842928	0.1848306	0.3909338	0.087223	0.052721
0.28497725	0.191907	0.250402	0.1552595	0.11745475
0.28498825	0.197205	0.304611	0.171688	0.041508
0.285173	0.1380728	0.185144	0.2800462	0.111564
0.285252	0.11098	0.168605	0.3224192	0.112743
0.28558625	0.09381775	0.229156	0.24868	0.14275975
0.2859642	0.1847818	0.4231262	0.076083	0.030045
0.286565	0.304563	0.2466862	0.097765	0.064421
0.287862	0.270163	0.224389	0.1587878	0.0587982
0.2883076	0.1419192	0.3146226	0.1826486	0.072502
0.28839	0.199923	0.204875	0.184047666666667	0.122764
0.288854	0.3508945	0.27577825	0.069904	0.01456875
0.2891672	0.178547	0.188692	0.2012282	0.142365
0.2892818	0.3372286	0.311522	0.045129	0.016838
0.2895832	0.224516	0.204445	0.162842	0.118614
0.2901572	0.218335	0.2410992	0.15857	0.091838
0.290182	0.25536	0.3278076	0.112256	0.014395
0.2904806	0.1961228	0.225833	0.190634	0.09693
0.29049925	0.140246	0.348326	0.136508	0.084421
0.290652	0.113485	0.356462	0.165536	0.073865
0.29131575	0.283875	0.119586	0.18374075	0.121482
0.291447	0.237106	0.385554	0.0200258	0.065868
0.292704	0.212540333333333	0.228752	0.191648	0.074356
0.2928072	0.0312396	0.5911728	0.0531748	0.031606
0.292871	0.24863225	0.30721175	0.1247575	0.026528
0.293163	0.243311666666667	0.068076	0.263171	0.132278333333333
0.29458625	0.357261	0.261891	0.05391	0.03235125
0.2947312	0.135501	0.26554	0.191362	0.112866
0.294938	0.2159794	0.190336	0.187968	0.110779
0.294948	0.358219	0.2620475	0.052625	0.0321605
0.295326	0.1560766	0.348521	0.1370392	0.063037
0.295329	0.115024	0.245073	0.22032	0.124253333333333
0.2953858	0.112289	0.357633	0.1397642	0.094928
0.2956322	0.199086	0.253897	0.179391	0.0719936
0.296331	0.1074886	0.206132	0.2204062	0.169642
0.297089	0.1142542	0.204	0.244635	0.140022
0.2985428	0.330606	0.2336012	0.062698	0.074552
0.298796	0.278653	0.159157	0.184358	0.079036
0.299375	0.140208	0.3127874	0.1772636	0.0703662
0.299537666666667	0.102994	0.369643	0.187888666666667	0.039937
0.299928	0.181786	0.32368875	0.087584	0.10701325
0.300095	0.177138	0.281941	0.1350966	0.105729
0.30072175	0.181788	0.273782	0.14587225	0.097836
0.3028028	0.2671772	0.1680614	0.172092	0.089866
0.3034496	0.215831	0.267203	0.122485	0.091032
0.304048	0.178749	0.052076	0.2308915	0.2342355
0.3062432	0.157291	0.323919	0.145759	0.066788
0.3083684	0.305435	0.158363	0.1523732	0.07546
0.308508	0.306962	0.095519	0.159114	0.1298966
0.309175	0.071086	0.45809575	0.127717	0.033926
0.30934175	0.1684315	0.35960575	0.110267	0.0523545
0.30953225	0.09859	0.38608425	0.125648	0.080145
0.3099548	0.1823118	0.3131012	0.1337918	0.060841
0.309989	0.22379	0.27670175	0.117598	0.071922
0.310168666666667	0.091623	0.241214	0.221323	0.135671
0.310357	0.1346584	0.4294578	0.076288	0.049239
0.310542	0.154796666666667	0.335887	0.115692	0.083083
0.311052	0.18146725	0.33788975	0.09000875	0.07958225
0.311415	0.16351125	0.435283	0.036502	0.053289
0.3120838	0.155363	0.4244338	0.056188	0.051932
0.312375	0.208883	0.247106	0.163575	0.068061
0.313032	0.0645992	0.622349	0.00001	0.00001
0.31309575	0.08634475	0.50288825	0.0489555	0.048715
0.313278	0.138295	0.3503382	0.133111	0.0649776
0.314217	0.2286208	0.1198476	0.2135512	0.123763
0.315787	0.139767	0.371683	0.0948086	0.077954
0.3168362	0.31204	0.206272	0.111335	0.053517
0.317051	0.087704	0.3006234	0.212295	0.082327
0.31759525	0.184591	0.23650975	0.132869	0.128436
0.3177715	0.12529375	0.202715	0.237278	0.116942
0.31792	0.14898	0.249952	0.199498	0.08365
0.3198816	0.1676328	0.147397	0.2693952	0.0956932
0.320678	0.097959	0.3458204	0.1921762	0.043366
0.320815	0.282797	0.1593945	0.14144975	0.095544
0.321111	0.1065595	0.400997	0.089426	0.081906
0.3216065	0.1323905	0.2598905	0.205805	0.0803075
0.32191725	0.177595	0.197501	0.16165975	0.141327
0.324741	0.2856722	0.2410472	0.0940212	0.054518
0.325341	0.1235448	0.367221	0.1484452	0.035448
0.325438	0.12047675	0.337448	0.12329275	0.093345
0.32578975	0.171427	0.202172	0.22037325	0.080238
0.325828	0.1076058	0.374431	0.128309	0.063827
0.3274708	0.341093	0.307761	0.018787	0.004888
0.3274718	0.1395012	0.4507552	0.0388686	0.0434038
0.32786725	0.2219345	0.31027525	0.0897755	0.05014775
0.3284258	0.2688854	0.2853096	0.083231	0.0341482
0.32867	0.1135304	0.33369	0.142053	0.082057
0.3289412	0.17719	0.1976822	0.2158976	0.0802886
0.32995025	0.142333	0.34055275	0.13528075	0.051883
0.330215	0.1712484	0.1760478	0.173211	0.149278
0.3307602	0.024797	0.5410542	0.075794	0.027595
0.33281975	0.11741975	0.3322665	0.1426075	0.0748855
0.3333234	0.150402	0.298116	0.147269	0.07089
0.334037	0.241922	0.269787	0.084446	0.069809
0.3355588	0.0636468	0.1272532	0.3609302	0.112611
0.3377505	0.08898175	0.37641625	0.12485725	0.071994
0.3385322	0.185001	0.1766892	0.2339822	0.065795
0.3389448	0.07111	0.4015792	0.112169	0.076197
0.341241	0.169572	0.392344	0.057382	0.039461
0.3420808	0.167572	0.3582916	0.081662	0.050393
0.344292	0.241703333333333	0.086271	0.186234	0.141499
0.344433	0.082021	0.287967	0.197344	0.088235
0.345402	0.2389458	0.257695	0.105213	0.052744
0.346336	0.1151658	0.221429	0.168701	0.148369
0.34636425	0.015472	0.56585525	0.046287	0.026021
0.346367	0.082853	0.412827	0.122491	0.035462
0.346672	0.151129	0.285469	0.168263	0.048467
0.3484658	0.1705078	0.2314532	0.1611808	0.088392
0.348569	0.115684	0.35546075	0.133969	0.046317
0.3502202	0.1606908	0.1671578	0.2472016	0.0747296
0.350817	0.2836398	0.2541008	0.072144	0.0392992
0.351219	0.2144908	0.307104	0.074581	0.052606
0.35204975	0.085808	0.425063	0.090172	0.04690775
0.35214	0.1151432	0.3620812	0.0987316	0.071904
0.35214875	0.076209	0.2805705	0.207583	0.083489
0.353236	0.148525666666667	0.49289	0.00486	0.000488
0.355528	0.035742	0.51432325	0.067704	0.026702
0.3555452	0.187976	0.1857498	0.187868	0.082861
0.356593	0.36381575	0.13001075	0.079688	0.069892
0.357162	0.16184925	0.2156905	0.1807845	0.08451325
0.3572948	0.153549	0.4122892	0.0456108	0.031257
0.357407	0.2339358	0.237955	0.099289	0.071413
0.358729	0.1305624	0.23409	0.1800456	0.096573
0.358938	0.33542975	0.15474475	0.0885075	0.06238
0.3598696	0.1003008	0.3656952	0.1195282	0.054606
0.36284825	0.05573275	0.307139	0.158339	0.115941
0.363072	0.170006	0.2084694	0.099074	0.159378
0.3639044	0.072502	0.4767616	0.0294122	0.05742
0.365088	0.12420125	0.337125	0.1285395	0.04504675
0.36533525	0.115075	0.316412	0.13380775	0.06937
0.3655482	0.1812212	0.3234418	0.064074	0.065715
0.36611625	0.1411755	0.37486475	0.10739975	0.010444
0.36617625	0.1179035	0.33807175	0.1151565	0.062692
0.367495	0.171699	0.2343882	0.125889	0.100528
0.367814	0.1972512	0.26075	0.1326736	0.041511
0.3681962	0.0943016	0.2928268	0.153073	0.091602
0.3690298	0.103297	0.3611784	0.086758	0.079737
0.3708434	0.1915368	0.1192662	0.191365	0.126989
0.37175275	0.04975925	0.270157	0.19655175	0.111779
0.37278625	0.108123	0.24263775	0.17435875	0.102094
0.37543225	0.151102	0.328799	0.091922	0.052745
0.37606925	0.162481	0.376019	0.067286	0.018145
0.3799878	0.0089432	0.5992622	0.0117968	0.00001
0.3801316	0.0844898	0.4278456	0.075776	0.031757
0.380674	0.127534	0.21702575	0.168946	0.105821
0.382997	0.100908	0.4736712	0.041357	0.001067
0.386755	0.0592268	0.4102432	0.0924888	0.0512862
0.3882924	0.1089682	0.206054	0.203783	0.092902
0.38897825	0.256767	0.225341	0.07864975	0.05026425
0.3894926	0.129758	0.222926	0.1999926	0.057831
0.3904296	0.0308486	0.4972126	0.053831	0.027678
0.3906738	0.1214152	0.315953	0.1178934	0.054065
0.390806666666667	0.196697	0.255011	0.107032666666667	0.050453
0.392454333333333	0.070017	0.494392	0.010867	0.03227
0.3937606	0.163018	0.2525496	0.116277	0.074395
0.393994	0.100727	0.359408	0.107447	0.038424
0.3945532	0.0953908	0.2493218	0.164148	0.096586
0.395447	0.1506654	0.2766528	0.099849	0.077385
0.3960678	0.10623	0.4632762	0.026364	0.008062
0.39666825	0.096203	0.3301935	0.100082	0.076853
0.398901	0.197818	0.27476425	0.073348	0.055169
0.3994698	0.115588	0.3114912	0.108742	0.064709
0.40001575	0.00001125	0.55806775	0.041896	0.00001
0.400303	0.114269	0.392631	0.073548	0.019249
0.40133225	0.152208	0.31578575	0.09359525	0.037079
0.4025432	0.151079	0.315394	0.0935654	0.037418
0.403526	0.030944	0.494857	0.054805	0.015868
0.40459325	0.031285	0.49372025	0.054557	0.01584475
0.4046202	0.14269	0.264218	0.134602	0.05387
0.4080756	0.147007	0.279885	0.093365	0.0716672
0.409261	0.1892058	0.252386	0.093533	0.055615
0.4112982	0.0763964	0.34278	0.095184	0.074341
0.4114692	0.074484	0.240224	0.1788046	0.095018
0.411528	0.08139	0.2743082	0.1938008	0.038973
0.4117996	0.1284196	0.078392	0.2372996	0.1440892
0.4118655	0.05718125	0.4853375	0.03987525	0.00574
0.41328075	0.186746	0.193023	0.12023	0.086721
0.414429	0.081257	0.1594505	0.21243625	0.13242675
0.4161758	0.1753338	0.1704012	0.1494162	0.088674
0.417572	0.098377	0.3670935	0.08707375	0.029884
0.4179198	0.1221854	0.1702722	0.2081526	0.08147
0.4179326	0.09418	0.2657786	0.160081	0.062028
0.418463	0.1224924	0.2235294	0.181385	0.05413
0.41855125	0.094151	0.2004765	0.112382	0.174439
0.4188064	0.1559748	0.161475	0.1938782	0.069865
0.4204168	0.001525	0.5416916	0.0321288	0.004238
0.422749	0.164748	0.176716	0.129759	0.106028
0.423261	0.17490025	0.23750775	0.102225	0.062106
0.425095	0.2570128	0.2797064	0.029941	0.008245
0.42627775	0.255263	0.199777	0.082444	0.03623875
0.42662075	0.132346	0.20743025	0.111252	0.122351
0.429691	0.1545748	0.2113484	0.133898	0.070488
0.43001875	0.134324	0.258963	0.10079125	0.075903
0.4302666	0.081648	0.3575946	0.101147	0.029344
0.4308415	0.031652	0.38496	0.104911	0.047636
0.4315258	0.1184198	0.268004	0.1351952	0.046856
0.4316635	0.2117745	0.054496	0.17284625	0.129219
0.432042	0.0840166	0.135853	0.2173042	0.1307846
0.4326175	0.092037	0.2693445	0.1474115	0.05858975
0.432767	0.242393	0.175615	0.09887	0.050355
0.43322	0.0763716	0.4243466	0.052892	0.01317
0.4348232	0.099896	0.302513	0.114743	0.048025
0.4350148	0.164858	0.3382776	0.031211	0.030638
0.43589325	0.034227	0.43944075	0.049548	0.040891
0.4373825	0.231556	0.1613875	0.09051975	0.079155
0.437878	0.138713	0.198742	0.13227675	0.09239
0.43935	0.046217	0.175482	0.1891852	0.149765
0.44036475	0.1974295	0.17038425	0.11404075	0.077781
0.440977	0.2147478	0.157607	0.119918	0.066751
0.444015	0.067618	0.31754375	0.122521	0.04830225
0.4463188	0.146335	0.2084372	0.122375	0.076534
0.4468192	0.115325	0.4205478	0.015943	0.001365
0.447931	0.0447066	0.425456	0.062982	0.018925
0.4483242	0.063151	0.2952206	0.1333658	0.059939
0.449768666666667	0.063672	0.332783	0.096593	0.057183
0.4515892	0.072165	0.356767	0.078341	0.041137
0.451597	0.121384	0.18471	0.155943	0.08636575
0.4528158	0.1294318	0.156199	0.1640406	0.0975126
0.452899	0.27091575	0.191206	0.046238	0.038742
0.4554365	0.196482	0.2953505	0.036627	0.016104
0.456221	0.0853602	0.283687	0.110341	0.06439
0.4570128	0.0541068	0.3770696	0.095598	0.016213
0.4578958	0.0835698	0.207333	0.1882862	0.062915
0.458551	0.148502	0.392574	0.00001	0.000363
0.460876333333333	0.023782	0.505555	0.00001	0.009777
0.46330025	0.08235575	0.38993975	0.03745375	0.0269505
0.46615825	0.146087	0.201512	0.11617775	0.070065
0.466804	0.08383	0.3165996	0.089914	0.0428528
0.467354	0.198195	0.2588002	0.051501	0.024149
0.4678966	0.045435	0.428682	0.0434728	0.014514
0.4682276	0.068968	0.363726	0.045565	0.0535138
0.475901	0.0352982	0.301065	0.127776	0.05996
0.477314	0.073382	0.1645422	0.181841	0.1029204
0.479588	0.1135852	0.379538	0.015706	0.011583
0.4797628	0.1080084	0.0644342	0.22053	0.127265
0.48283575	0.11676375	0.182683	0.16225175	0.055466
0.4865592	0.20266	0.2127866	0.046012	0.051982
0.4875975	0.193862	0.07588125	0.15299975	0.08966
0.489448	0.151265	0.24153	0.067149	0.050609
0.4910346	0.00001	0.3745336	0.0735972	0.0608242
0.491765	0.268866	0.179662	0.0033482	0.056359
0.4934178	0.030789	0.3377514	0.0713662	0.066675
0.49687875	0.04810675	0.339831	0.0727165	0.042467
0.497239	0.00001	0.502730666666667	0.0000103333333333333	0.00001
0.500467	0.106998	0.2430128	0.099383	0.05014
0.501041	0.0654566666666667	0.310868666666667	0.059037	0.0635973333333333
0.501531666666667	0.074458	0.054986	0.266027	0.102997
0.5055876	0.04726	0.3378456	0.09908	0.010227
0.5075962	0.0645436	0.349534	0.0577902	0.0205358
0.5097708	0.0940166	0.2399512	0.120212	0.0360496
0.51028525	0.11235675	0.298252	0.04995625	0.0291495
0.5114828	0.00001	0.4884862	0.00001	0.0000108
0.5115994	0.05872	0.310501	0.085366	0.0338132
0.5125938	0.060724	0.369899	0.035343	0.021441
0.5131238	0.1856126	0.2412268	0.042662	0.0173754
0.517462	0.150675	0.2498686	0.033582	0.048412
0.5177962	0.105234	0.3387058	0.006782	0.031482
0.5196394	0.044277	0.332312	0.075338	0.028433
0.5233472	0.053249	0.339437	0.048143	0.035824
0.5296626	0.099258	0.282325	0.0503372	0.038417
0.531007	0.01734	0.405824	0.034915	0.0109136666666667
0.53212825	0.056653	0.35059475	0.02154	0.039084
0.533964	0.042914	0.312465	0.106055	0.0046016
0.5341498	0.074494	0.2900502	0.071429	0.029877
0.5346715	0.046626	0.323385	0.06094825	0.034369
0.536894	0.0319898	0.2618816	0.11283	0.056405
0.5389998	0.025279	0.4091216	0.0118334	0.014766
0.5404114	0.0396632	0.3813976	0.0353306	0.003197
0.54064825	0.00001	0.45932075	0.000011	0.00001
0.54280925	0.0492065	0.1605095	0.1674355	0.08003925
0.54408575	0.009449	0.38981025	0.036109	0.020546
0.5493834	0.098241	0.251389	0.0726236	0.028363
0.54955875	0.063891	0.248708	0.072734	0.065108
0.55674975	0.031307	0.32139675	0.06320725	0.027339
0.55876925	0.023622	0.3315275	0.04852475	0.0375565
0.559406	0.065946	0.256905	0.0671246	0.050619
0.56951325	0.046962	0.34376575	0.012142	0.027618
0.57752175	0.064905	0.216106	0.1036635	0.037804
0.5783602	0.009488	0.3744018	0.0293448	0.008405
0.5824682	0.00001	0.4175014	0.00001	0.0000102
0.586895	0.00001	0.3421688	0.0408852	0.030041
0.5880375	0.0692305	0.28593675	0.04693425	0.00986125
0.5883132	0.142434	0.1253862	0.099093	0.044774
0.5923468	0.0276884	0.3725624	0.0073926	0.00001
0.59720025	0.03442125	0.306324	0.0425205	0.019534
0.598169	0.118066333333333	0.134767	0.120209	0.028789
0.6024228	0.026779	0.35143	0.0052302	0.0141382
0.603673	0.0525976666666667	0.091978	0.165223	0.086528
0.604432	0.061712	0.301329	0.009262	0.0232658
0.604805	0.00001	0.319792	0.065157	0.010236
0.606853333333333	0.0381226666666667	0.239897666666667	0.071071	0.044055
0.607814	0.00001	0.392156	0.00001	0.00001
0.6099274	0.027857	0.276151	0.068218	0.0178462
0.6110732	0.018362	0.274998	0.053224	0.042343
0.615875333333333	0.037684	0.342872666666667	0.00001	0.003558
0.619986	0.013613	0.3663812	0.00001	0.00001
0.625518333333333	0.05332	0.236027	0.044272	0.040863
0.625936333333333	0.0634073333333333	0.252515	0.055388	0.002754
0.63177875	0.0539475	0.21837925	0.07238975	0.02350475
0.632077	0.025192	0.2272604	0.0556692	0.059801
0.6335095	0.06174625	0.26442275	0.0251825	0.015139
0.641587	0.01883	0.2949622	0.019018	0.0256024
0.6507715	0.03610975	0.2804545	0.01593125	0.01673275
0.65340925	0.12231825	0.164429	0.034276	0.025567
0.6689385	0.03368175	0.185037	0.05673225	0.055611
0.672062	0.0963396666666667	0.192319666666667	0.030258	0.009021
0.683737	0.00001	0.3001484	0.00001	0.0160944
0.691579	0.044474	0.263927	0.00001	0.00001
0.69596625	0.02840925	0.18042375	0.053983	0.041218
0.712634666666667	0.00001	0.264551666666667	0.0182653333333333	0.004538
0.7190182	0.0004488	0.219347	0.0352102	0.025976
0.7220232	0.00001	0.2779464	0.00001	0.0000104
0.722579	0.00001	0.277391	0.00001	0.00001
0.722715	0.00001	0.277255	0.00001	0.00001
0.72308925	0.003781	0.2731105	0.00001	0.00001
0.72328825	0.00001	0.27668175	0.00001	0.00001
0.7237178	0.0189264	0.1935084	0.033371	0.0304764
0.7253934	0.00001	0.2745766	0.00001	0.00001
0.726133	0.00001	0.232928	0.019012	0.021917
0.727728	0.00001	0.272242	0.00001	0.00001
0.7337662	0.024089	0.2421244	0.00001	0.00001
0.734114	0.00001	0.265856	0.00001	0.00001
0.734149	0.00001	0.265821	0.00001	0.00001
0.7377884	0.00001	0.2621816	0.00001	0.00001
0.737920333333333	0.00001	0.262049666666667	0.00001	0.00001
0.741403	0.00001	0.258567	0.00001	0.00001
0.7468788	0.00001	0.2530912	0.00001	0.00001
0.74768575	0.00001	0.25228425	0.00001	0.00001
0.7487348	0.044957	0.1995266	0.0033604	0.0034218
0.7491322	0.00001	0.2508378	0.00001	0.00001
0.7496622	0.0031448	0.242682	0.004501	0.00001
0.750818	0.00001	0.249152	0.00001	0.00001
0.7545862	0.00001	0.2453838	0.00001	0.0000102
0.7557308	0.00001	0.2442392	0.00001	0.00001
0.757108666666667	0.00001	0.242861333333333	0.00001	0.00001
0.761478	0.00001	0.1828178	0.0494022	0.006292
0.7620062	0.00001	0.2379638	0.00001	0.00001
0.763983	0.00001	0.228995	0.001022	0.005989
0.7689934	0.00001	0.2309766	0.00001	0.00001
0.77546125	0.00001	0.22450875	0.00001	0.00001
0.7755004	0.00001	0.2244696	0.00001	0.00001
0.7766572	0.00001	0.2233128	0.00001	0.00001
0.779848	0.00001	0.2201218	0.00001	0.0000102
0.783374	0.00001	0.216596	0.00001	0.00001
0.7927192	0.00001	0.2072506	0.00001	0.00001
0.7949458	0.00001	0.2050242	0.00001	0.00001
0.7952996	0.00001	0.2046688	0.00001	0.0000116
0.7964528	0.00001	0.2035172	0.00001	0.00001
0.802014	0.00001	0.197956	0.00001	0.00001
0.8049132	0.00001	0.1950566	0.00001	0.00001
0.8152615	0.00001	0.1847085	0.00001	0.00001
0.8188728	0.00001	0.1810972	0.00001	0.00001
0.8562176	0.00001	0.1437522	0.0000102	0.00001
0.869892	0.00001	0.130078	0.00001	0.00001
0.9789088	0.00001	0.0210612	0.00001	0.00001
